00000000000111111000000000000000
00000000000111111111000000000000
00000000001100000011110000000000
00000000111000000000111000000000
00000001110000000000011100000000
00000011100000000000000111000000
00000011000000000000000011100000
00000110000000000000000001110000
00001100000000000000000000110000
00001100000000000000000000011000
00011000000000000000000000011000
00011000000000000000000000001100
00110000000000000000000000001110
00110000000000000000000000000110
00110000000000000000000000000111
01100000000000000000000000000011
01100000000000000000000000000011
01100000000000000000000000000011
01100000000000000000000000000011
11000000000000000000000000000011
11000000000000000000000000000111
11000000000000000000000000000110
11000000000000000000000000001100
11100000000000000000000000011100
01100000000000000000000000011000
01110000000000000000000000110000
00110000000000000000000001100000
00011000000000000000000011000000
00001110000000000000001110000000
00000111110000000000111100000000
00000000111111000111110000000000
00000000000111111110000000000000
