00000000000000000001000000000000
00000000000000111111111100000000
00000000001111111111111111110000
00000111111111111111111111111000
00000111111111111111001111111000
00001111111111100000000001111100
00011111111100000000000000111100
00011111110000000000000000011110
00111111100000000000000000011111
00111111000000000000000000001111
00111111000000000000000000001111
00111110000000000000000000001111
00111100000000000000000000001111
01111100000000000000000000011111
01111000000000000000000000011111
01111000000000000000000000111111
01111000000000000000000000111110
01111000000000000000000000111110
01111000000000000000000001111100
01111000000000000000000001111000
01111000000000000000000011111000
01111100000000000000000111110000
00111000000000000000000111100000
00111100000000000000001111000000
00111100000000000000011110000000
00011110000000000000111110000000
00011111000000000011111100000000
00001111111000001111111000000000
00000011111111111111110000000000
00000001111111111111100000000000
00000000011111111110000000000000
00000000000011111000000000000000
