00000000000000001111100000000000
00000000000000000000000000000000
00000000000000000000000000000000
00000000000011111000000000000000
00000000011111111111110110000000
00000000111111111111111111100000
00000001111100000001111111111100
00000011111000000000001111111110
00000011110000000000000000011110
00000011110000000000000000011110
00000011110000000000000000011100
00000011100000000000000000011100
00000011100000000000000000111100
00000111100000000000000000111000
00000111000000000000000001110000
00000111000000000000000011110000
00000111000000000000000011100000
00000111000000000000000111100000
00001110000000000000001111000000
00001110000000000000011110000000
00001110000000000000111100000000
00001110000000000000111000000000
00001110000000000001110000000000
00001110000000000011110000000000
00001110000000000111100000000000
00001110000000000111000000000000
00001110000000001111000000000000
00001110000000011110000000000000
00001110000000111100000000000000
00000111000011111000000000000000
00000011111111110000000000000000
00000011111111000000000000000000
00000000111000000000000000000000
