00000000000000000000000000000000
00000000000000000000000000000000
00000000000000000000000000000000
00000000000000111000000000000000
00000000000011111111000000000000
00000000001110000011100000000000
00000000001100000001100000000000
00000000011100000000110000000000
00000000011000000000111000000000
00000000011000000000111000000000
00000000111000000000011000000000
00000000110000000000011000000000
00000000110000000000011000000000
00000000110000000000011000000000
00000000110000000000011000000000
00000000110000000000011000000000
00000000110000000000011000000000
00000000110000000000011000000000
00000000110000000000011000000000
00000000110000000000011000000000
00000000110000000000011000000000
00000000011000000000011000000000
00000000011000000000111000000000
00000000011000000000110000000000
00000000011100000000110000000000
00000000001100000001100000000000
00000000001110000011100000000000
00000000000011111110000000000000
00000000000000111000000000000000
00000000000000000000000000000000
00000000000000000000000000000000
00000000000000000000000000000000

