00000000000000000000000000000000
00000000000000000000000000111110
00000000000000000000001111111110
00000000000000000000111111111100
00000000000000000001111111111000
00000000000000000011111111100000
00000000000000000111111111000000
00000000000000001111111100000000
00000000000000011111111000000000
00000000000000111111110000000000
00000000000001111111100000000000
00000000000011111111000000000000
00000000000111111110000000000000
00000000001111111100000000000000
00000000001111111000000000000000
00000000111111110000000000000000
00000000111111110000000000000000
00000001111111000000000000000000
00000011111110000000000000000000
00000111111110000000000000000000
00000111111100000000000000000000
00001101111000000000000000000000
00011111111000000000000000000000
00011111110000000000000000000000
00011111110000000000000000000000
00011111100000000000000000000000
00111111100000000000000000000000
00111111000000000000000000000000
01111111000000000000000000000000
01111110000000000000000000000000
01111110000000000000000000000000
00011110000000000000000000000000