00000000000001111111000000000000
00000000000111111111111100000000
00000000001110000000111110000000
00000000011100000000000011100000
00000000001000000000000001100000
00000000000000000000000000110000
00000000000000000000000000110000
00000000000000000000000000110000
00000000000000000000000001110000
00000000000000000000000001100000
00000000000000000000000011100000
00000000000000000000000111000000
00000000000000000000011110000000
00000000000000000001111000000000
00000000000000000011110000000000
00000000000000001110000000000000
00000000000000011100000000000000
00000000000000111000000000000000
00000000000011100000000000000000
00000000000111000000000000000000
00000000011100000000000000000000
00000000111000000000000000000000
00000001110000000000000000000000
00000111100000000000000000000000
00001110000000000000000000000000
00011000000000000000000000000000
00110000000000000000000000000000
01100000000000000000000000000000
11110000000000000000000000000011
01111111111111111100000000001111
00000011111111111111111111111100
00000000000000000001111111110000

