00000000000000000000000000000000
00000111111111110000000000000000
00000111111111111000000000000000
00000111000000111110000000000000
00000000000000001111100000000000
00000000000000000111100000000000
00000000000000000011100000000000
00000000000000000001100000000000
00000000000000000011100000000000
00000000000000000011100000000000
00000000000000000011100000000000
00000000000000000011100000000000
00000000000000000011100000000000
00000000000000000111000000000000
00000000000000000110000000000000
00000000000000001110000000000000
00000000000000001100000000000000
00000000000000011100000000000000
00000000000000011000000000000000
00000000000000111000000000000000
00000000000001110000000000000000
00000000000011100000000000000000
00000000000111000000000000000000
00000000001111000000000000000000
00000000011110000000000000000000
00000000111100000000000000000000
00000001110000000000000000000000
00000111100000000000000000011111
00001111000001111111111111111111
01111111111111111111111111111110
11111111111111111111111111000000
01111110100000000000000000000000