00000000010111111000000000000000
00000001111111001111000000000000
00000111100000000011100000000000
00011110000000000000111000000000
01110010000010000000001110000000
11000000000000000000000111000000
00000000000000000000000001100000
00000000000000010000000001110000
00000000000000000000000000110000
00000000000000000000000000011000
00000000000000000000000000011000
00000000000010000010000000001100
00000000000000000000000000001100
00000000000000000000000000001100
00000000000000000000000000001100
00000000000000000000000000001100
00000000000000000000000000011000
00000000000000000000000000011000
00000000000000000000000000110000
00000000000000000000000001110000
00000000000000000000000011000000
00000000000000000000000110000000
00000000000000000000001100000000
00000000000000000000111000000000
00000000000000000001110000000000
00000000000000000111000000000000
00000000000000011100000000000000
00000000000011110000000000000000
00000000001110000000000000000000
00000001111111111111111111111100
00001111111100000001111111111111
00011100000000000000000000000000
