00000000000000000100000000000000
00000000000000000001000000000000
00000000000000000001111000000000
00000000000000000000001110000000
00000000000000000000000011000000
00000000000000000000000000110000
00000000000000000000000000111000
00000000000000000000000000011100
00000000000000000000000000001100
00000000000000000000000000011100
00000000000000000000000000011100
00000000000000000000000000111100
00000000000000000000000000111100
00000000000000000000000001111000
00000000000000000000000011110000
00000000000000000000000111110000
00000000000000000000000111000000
00000000000000000000001110000000
00000000000000000000111100000000
00000000000000000001111000000000
00000000000000000011110000000000
00000000000000000111000000000000
00000000000000011110000000000000
00000000000001111100000000000000
00000000000011111000000000000000
00000000011111100000000000000000
00000001111111000000000000111011
00000011111111000011111111110000
00001111111111111111111100000000
00111111111111111111000000000000
01111111111110000000000000000000
01111110000000000000000000000000
