00000001100000000000000000000000
00000111111111000000000000000000
00000000111111111100000000000000
00000000000001111111100000000000
00000000000000001111110000000000
00000000000000000011111000000000
00000000000000000001111100000000
00000000000000000011111000000000
00000000000000000111110000000000
00000000000000001111100000000000
00000000000000111111000000000000
00000000000001111110000000000000
00000000000111111000000000000000
00000000111111100000000000000000
00000001111110000000000000000000
00011111111000000000000000000000
01111111111111000000000000000000
00111111111111111111000000000000
00000000000000111111111110000000
00000000000000000001111111111100
00000000000000000000000011111110
00000000000000000000000000011110
00000000000000000000000000111110
00000000000000000000000001111100
00000000000000000000000111110000
00000000000000000000011111000000
00000000000000000011111100000000
00000000000000001111111000000000
00000000000001111110000000000000
00000000001111111000000000000000
00000111111110000000000000000000
00000011110000000000000000000000
