00000000000000000000000000000000
00000000000000000000000000000000
00000000000000000000000000000000
00000000000111111100000000000000
00000000111111111111110000000000
00000111110000000011111100000000
00001111000000000000111110000000
00011111000000000000001111000000
00011110000000000000001111000000
00011100000000000000001111000000
00000000000000000000001111000000
00000000000000000000001111000000
00000000000000000000001110000000
00000000000000000000011100000000
00000000000000000011111000000000
00000000001111111111100000000000
00000000001111111110000000000000
00000000000000011111111000000000
00000000000000000000011110000000
00000000000000000000001111000000
00000000000000000000000111000000
00000000000000000000000111100000
00000000000000000000000011100000
00111100000000000000000111100000
00111100000000000000000111000000
00011110000000000000001111000000
00011111000000000000001111000000
00000111110000000001111100000000
00000011111111111111111000000000
00000000111111111111000000000000
00000000000000000000000000000000
00000000000000000000000000000000
