00000000000000110000000000000000
00000000000000110000000011000000
00000000000011110000000011000000
00000000000011110000000011000000
00000000000111100000000111000000
00000000001111000000000111000000
00000000001110000000000110000000
00000000011100000000000110000000
00000000111000000000001110000000
00000000111000000000001110000000
00000001110000000000001100000000
00000011100000000000001100000000
00000111000000000000001100000000
00001110000000000000001100000000
00001100000000000000001100000000
00011100000000000000011000000000
00111000000000000000011111001100
00110000000000000001111111111111
01100000000000111111111111111110
01100000001111111111111000000000
11100001111111100000011000000000
01111111110000000000110000000000
00001110000000000000110000000000
00000000000000000000110000000000
00000000000000000000110000000000
00000000000000000000110000000000
00000000000000000000110000000000
00000000000000000000110000000000
00000000000000000000110000000000
00000000000000000000100000000000
00000000000000000001100000000000
00000000000000000001100000000000

