00000000000000000000000000000000
00000000111100000000000000000000
00000000111100000000000000000000
00000000111100000000000000000000
00000001111100000000000000000000
00000001111000000000000000000000
00000011111000000000011000000000
00000111110000000000111100000000
00000111110000000001111100000000
00001111100000000001111100000000
00011111000000000001111100000000
00011110000000000001111100000000
00111110000000000001111100000000
00111100000000000001111100000000
01111100000000000001111100000110
01111000000000000001111111111111
01111000000000111111111111111110
01111111111111111111111111111100
01111111111111111111111100000000
00111111111111100001111100000000
00000000000000000001111100000000
00000000000000000001111100000000
00000000000000000001111100000000
00000000000000000001111100000000
00000000000000000001111100000000
00000000000000000001111100000000
00000000000000000001111100000000
00000000000000000000111100000000
00000000000000000000111100000000
00000000000000000000111100000000
00000000000000000000111100000000
00000000000000000000011000000000