00000000000000000000000000000000
00000000000000000000000000000000
00000000000000000000000000000000
00000000000000000000000000000000
00000000000000000001111000000000
00000000000000000011111000000000
00000000000000000111111000000000
00000000000000001110111000000000
00000000000000011110111000000000
00000000000000011100111000000000
00000000000000111000111000000000
00000000000001110000111000000000
00000000000011100000111000000000
00000000000111000000111000000000
00000000001110000000111000000000
00000000011100000000111000000000
00000000111100000000111000000000
00000000111000000000111000000000
00000001110000000000111000000000
00000011100000000000111000000000
00000111000000000000111000000000
00001110000000000000111000000000
00011111111111111111111111110000
00011111111111111111111111110000
00000000000000000000111100010000
00000000000000000000111000000000
00000000000000000000111000000000
00000000000000000000111000000000
00000000000000000000111000000000
00000000000000000000111000000000
00000000000000000000111000000000
00000000000000000000000000000000

