00000000000000011000000000000000
00000000000011111000000000000000
00000000000111110000000000000000
00000000011111000000000000000000
00000000111110000111100000000000
00000000111100000111100000000000
00000001111000000111100000000000
00000011110000001111100000000000
00000111100000001111100000000000
00000111000000001111100000000000
00001111000000011111000000000000
00001110000000011111000000000000
00011100000000011110000000000000
00111100000000011110000000000000
00111000000000011110000000000000
01111000000000011100000000000000
01110000000000011100000000000000
11110000000000111100000011111111
11111100000000111111111111111111
00111111111111111111111111111000
00000111111111111111000000000000
00000000000001111000000000000000
00000000000001111000000000000000
00000000000001111000000000000000
00000000000001110000000000000000
00000000000001100000000000000000
00000000000001100000000000000000
00000000000001100000000000000000
00000000000001100000000000000000
00000000000001100000000000000000
00000000000001100000000000000000
00000000000001100000000000000000
