00000000011100000000000000000000
00000000111100000000000000000000
00000000111100000000000000000000
00000000111100000000000111110000
00000000111000000001111111110000
00000001111111111111111110000000
00000011111111111110000000000000
01111111111100000000000000000000
11111111111000000000000000000000
00000011111000000000000000000000
00000001111000000000000000000000
00000001111000000000000000000000
00000000111000000000000000000000
00000000111000000000000000000000
00000000111000000000000000000000
00000000111000000000000000000000
00000000011000000000000000000000
00000000011110000000000000000000
00000000011111000000000000000000
00000000001111110000000000000000
00000000000011111000000000000000
00000000000001111111111110000000
00000000000000001111111111110000
00000000000000000000001111111100
00000000000000000000000000111111
00000000000000000000000000001111
00000000000000000000000000001111
00000000000000000000000000111110
00000000000000000000011111111100
00000000000000000001111111111000
00000000000000000111111111110000
00000000000011111111111100000000