00000000000000000000000000000000
00000000100000000000000000000000
00000001100000000000000000000000
00000011000000000000011100000000
00000011000000011111111100000000
00000011000011111111100000000000
00000011111111111000000000000000
00111111111111000000000000000000
01111111110000000000000000000000
00110011100000000000000000000000
00000011100000000000000000000000
00000011100000000000000000000000
00000011100000000000000000000000
00000011100000000000000000000000
00000011100000000000000000000000
00000001100000000000000000000000
00000001110000000000000000000000
00000000111000000000000000000000
00000000011111100000000000000000
00000000000111111111110000000000
00000000000000111111111111100000
00000000000000000000111111111000
00000000000000000000000001111110
00000000000000000000000011111110
00000000000000000000001111111100
00000100000000000000011111110000
00000100000000000011111111000000
00001100000000011111111100000000
00001110000011111111100000000000
00000111111111111000000000000000
00000011111111000000000000000000
00000000000000000000000000000000