00000000000000000000000000000000
00000000000111111111111110000000
00000001111111111111111100000000
00000011111110000000000000000000
00000011111100000000000000000000
00000000011000000000000000000000
00000000011000000000000000000000
00000000011000000000000000000000
00000000111000000000000000000000
00000000111000000000000000000000
00000000011000000000000000000000
00000000011000000000000000000000
00000000011000000000000000000000
00000000011100000000000000000000
00000000011111111100000000000000
00000000000011111111111111110000
00000000000000000101111111111000
00000000000000000000000000111110
00000000000000000000000000001111
00000000000000000000000000001110
00000000000000000000000000011110
00000000000000000000000000111100
00000000000000000000000011111000
00000000000000000000001111100000
00000000000000000000011111000000
00000000000000000001111000000000
00000000000000000111100000000000
00000000000000001111000000000000
01100000000001111000000000000000
11111000111111110000000000000000
01111111111110000000000000000000
00111110000000000000000000000000
