00000000000000000000000000000000
00000000000000000000000000000000
00000000000000000000000000000000
00001111111111111111111111100000
00001111111111111111111111100000
00011110000000000000000000000000
00011110000000000000000000000000
00011110000000000000000000000000
00011110000000000000000000000000
00011110000000000000000000000000
00011110000000000000000000000000
00011110000000000000000000000000
00111110000000000000000000000000
00111110001111111111110000000000
00111111111111111111111110000000
00111111111000000000111111000000
00111110000000000000000111110000
00000000000000000000000011111000
00000000000000000000000001111100
00000000000000000000000001111100
00000000000000000000000001111100
00000000000000000000000001111100
00000000000000000000000001111100
00011000000000000000000001111100
01111100000000000000000001111000
00111110000000000000000011110000
00111110000000000000001111100000
00001111111110010111111110000000
00000001111111111111111000000000
00000000000111111110000000000000
00000000000000000000000000000000
00000000000000000000000000000000

