00000000000000000000000000000000
00000111110000000000000000000000
00001111100000000000000111111110
00001111000000011111111111111110
00011111111111111111100000000000
00011111111111110000000000000000
00111111100000000000000000000000
00111110000000000000000000000000
00111100000000000000000000000000
01111000000000000000000000000000
01111000000000000000000000000000
01111000000000000000000000000000
01111000000000000000000000000000
01111000000000000000000000000000
01111000000000000000000000000000
01111000000000000000000000000000
00111100000000000000000000000000
00011110000000000000000000000000
00001111100000000000000000000000
00000011111111100000000000000000
00000000001111111111000000000000
00000000000000011111111100000000
00000000000000000001111110000000
00000000000000000000001111100000
00000000000000000000000011110000
00000000000000000000000111110000
00000000000000000000001111100000
00000000000000000001111111000000
00000000000000011111111100000000
00111000001111111111100000000000
00011111111111111100000000000000
00000000110000000000000000000000
