00000000000000000000000000000000
00000000000000000000000000000000
00000000000000000000000000000000
00000000000000000000000000000000
00000000000000011111100000000000
00000000000011111111111100000000
00000000001111000000011110000000
00000000111100000000000111000000
00000000111100000000000011100000
00000001110000000000000000000000
00000001110000000000000000000000
00000011100000000000000000000000
00000011100000000000000000000000
00000011000000011111000000000000
00000111100011111111111100000000
00000111001111000000111110000000
00000111111000000000001111100000
00000111110000000000000011100000
00000111110000000000000011110000
00000111100000000000000001110000
00000011100000000000000001110000
00000011100000000000000001110000
00000011100000000000000001110000
00000001110000000000000011100000
00000001110000000000000011100000
00000000111100000000000111100000
00000000011111000000111110000000
00000000001111111111111100000000
00000000000000111111000000000000
00000000000000000000000000000000
00000000000000000000000000000000
00000000000000000000000000000000
