00000000000000000000011111111000
00000001111111111111111111111111
00011111111111111111111111111111
01111110111100000000000000011111
00001000000000000000000000011110
00000000000000000000000000111110
00000000000000000000000000111100
00000000000000000000000000111100
00000000000000000000000000111000
00000000000000000000000000111000
00000000000000000000000001111000
00000000000000000000000001111000
00000000000000000000000011110000
00000000000000000000000011110000
00000000000000000000000011100000
00000000000000000000000011100000
00000000000000000000000111100000
00000000000000000000000111000000
00000000000000000000000111000000
00000000000000000000000111000000
00000000000000000000000111000000
00000000000000000000001110000000
00000000000000000000001110000000
00000000000000000000001110000000
00000000000000000000011110000000
00000000000000000000011110000000
00000000000000000000111100000000
00000000000000000000111100000000
00000000000000000000111000000000
00000000000000000000111000000000
00000000000000000000111000000000
00000000000000000000111000000000
