01111111111111111111111111110000
11111111111111111111111111111110
11111111111111111111111111111111
00111111111111111111111111111111
00000000000000000000000011111110
00000000000000000000000111111110
00000000000000000000001111111000
00000000000000000000011111110000
00000000000000000000011111110000
00000000000000000000111111100000
00000000000000000000111111000000
00000000000000000001111111000000
00000000000000000011111110000000
00000000000000000111111100000000
00000000000000000111111000000000
00000000000000001111111000000000
00000000000000001111110000000000
00000000000000011111110000000000
00000000000000011111100000000000
00000000000000111111000000000000
00000000000000111111000000000000
00000000000001111110000000000000
00000000000001111110000000000000
00000000000011111100000000000000
00000000000011111100000000000000
00000000000011111100000000000000
00000000000111111000000000000000
00000000000111111000000000000000
00000000001111111000000000000000
00000000001111111000000000000000
00000000001111110000000000000000
00000000000111100000000000000000
