00000000000000000000000000000000
00000000000000000000000000000000
00000000000111111111111100000000
00000111111111111111111111111100
00001111111110000000001111111100
00111100000000000000000000111100
00000000000000000000000000011100
00000000000000000000000000011100
00000000000000000000000000111100
00000000000000000000000000111100
00000000000000000000000000111000
00000000000000000000000001111000
00000000000000000000000001110000
00000000000000000000000011100000
00000000000000000000000111100000
00000000000000000000001111000000
00000000000000000000001110000000
00000000000000000000011110000000
00000000000000000000011100000000
00000000000000000000111100000000
00000000000000000001111000000000
00000000000000000001110000000000
00000000000000000011110000000000
00000000000000000111100000000000
00000000000000000111000000000000
00000000000000001110000000000000
00000000000000001110000000000000
00000000000000011110000000000000
00000000000000011100000000000000
00000000000000011100000000000000
00000000000000011100000000000000
00000000000000000000000000000000


