00000000000000000000000000000000
00000000000000000111110000000000
00000000000001111111111110000000
00000000000111111100000111110000
00000000011111000000000000111100
00000000111000000000000000001111
00000001110000000000000000001111
00000001110000000000000000001111
00000011100000000000000000011110
00000011100000000000000000011110
00000111000000000000000001111100
00001111000000000000000011110000
00001111000000000000011111000000
00001111100000000000111110000000
00001111111100000111110000000000
00000011111111111111100000000000
00000000001011111111000000000000
00000000000111111111100000000000
00000000011111110001111000000000
00000001111110110000111100000000
00000111111000000000011100000000
00001111100000000000011100000000
00011111000000000000111100000000
00111110000000000000111000000000
01111000000000000011110000000000
01111000000000000111100000000000
01111000000000001111100000000000
01111000000000011110000000000000
00111000000000111110000000000000
00011110000111111000000000000000
00001111111111110000000000000000
00000000101100000000000000000000