00000000000000111100000000000000
00000000000111111111111100000000
00000000011111111111111111000000
00000001111111111111111111110000
00000011111111111111111111111000
00000111111111111111110011111000
00000111101111000000000011111100
00001110000000000000000001111100
00000110000000000000000001111110
00001111100000000000000000111110
00001111111100000000000001111110
00001111111100000000000011111100
00000111111100000000000111111000
00000011111111000000001111110000
00000001111111100000111111100000
00000000011111111111111111000000
00000000000011111111111100000000
00000000000001111111111100000000
00000000000011111111111110000000
00000000000111111101111111100000
00000000011111110000001111110000
00000001111111000000000111111000
00000011111100000000000011111000
00000111110000000000000011111000
00011111110000000000000111111000
00111111100000000000000111111000
01111111000000000000001111110000
01111111000000000000111111100000
01111110000000000011111110000000
00111111111111111111111000000000
00011111111111111111110000000000
00000001011111110000000000000000
