00000000000000000000000000000000
00000000000000000000000000000000
00000000000011111100000000000000
00000000011111111111100000000000
00000000111111100111111000000000
00000011110000000000011100000000
00000011100000000000001110000000
00000111000000000000001110000000
00000111000000000000001110000000
00000111000000000000001110000000
00000111000000000000001110000000
00000011100000000000001110000000
00000001110000000000011100000000
00000001111000000001111000000000
00000000001111111111100000000000
00000000011111111111110000000000
00000001111000000001111100000000
00000011110000000000011100000000
00000111000000000000001110000000
00000111000000000000000111000000
00000111000000000000000111000000
00000111000000000000000111000000
00000111000000000000000111000000
00000111000000000000001111000000
00000111000000000000001110000000
00000111100000000000011110000000
00000001111000000000111100000000
00000000111111111111110000000000
00000000001111111111100000000000
00000000000000000000000000000000
00000000000000000000000000000000
00000000000000000000000000000000
