00000000000000000000000000000000
00000000000000011111111100000000
00000000000011111111111111100000
00000000001111100000000111110000
00000000111110000000000001111000
00000001111000000000000000111100
00000011110000000000000000111100
00001111100000000000000000111000
00001111000000000000000001111000
00001111000000000000000011111100
00001111000000000001111111111100
00000111110000011111111111111100
00000011111111111111000111111100
00000000011111100000001111111100
00000000000000000000011111111000
00000000000000000000111111110000
00000000000000000111110111110000
00000000000000001110000111100000
00000000000000000000001111000000
00000000000000000000001111000000
00000000000000000000111110000000
00000000000000000001111100000000
00000000000000000011110000000000
00000000000000000011110000000000
00000000000000000111000000000000
00000000000000001111000000000000
00000000000000011110000000000000
00000000000000111100000000000000
00000000000000111100000000000000
00000000000001111000000000000000
00000000000011110000000000000000
00000000000000000000000000000000

