00000000011111111111110000000000
00000111111111111111111110000000
00001111111000000000111111111100
00011111100000000000000011111110
00111110000000000000000000111110
00111100000000000000011100111111
00111000000000000001111111111111
00111000000000000011111111111111
00111000000000000011111111111111
01111000000000001111111111111110
01111100000000011111111111111110
01111100000000111111111111111110
00111110000111111111111111111000
00111111111111111111111111110000
00111111111100111111111100000000
00000110100000111111111100000000
00000000000000111111111000000000
00000000000000111111110000000000
00000000000001111111100000000000
00000000000001111111000000000000
00000000000011111111000000000000
00000000000011111100000000000000
00000000000111111000000000000000
00000000000111110000000000000000
00000000001111110000000000000000
00000000011111100000000000000000
00000000011111110000000000000000
00000000111111110000000000000000
00000000111111100000000000000000
00000001111110000000000000000000
00000111111100000000000000000000
00000011111000000000000000000000
