00000000000000000000000000000000
00000000000000000000000000000000
00000000000000000000000000000000
00000000000011111111110000000000
00000000001111110011111100000000
00000000011110000000011110000000
00000000111100000000001111000000
00000001110000000000000111000000
00000001110000000000000011100000
00000001110000000000000001110000
00000001110000000000000001110000
00000001110000000000000001110000
00000001110000000000000001110000
00000001110000000000000001110000
00000001110000000000000011110000
00000001111000000000000111110000
00000000011100000000001111110000
00000000011111100000111001110000
00000000001111111111110001110000
00000000000001111111000001110000
00000000000000000000000001110000
00000000000000000000000011110000
00000000000000000000000011100000
00000000000000000000000111000000
00000001110000000000000111000000
00000001111000000000001110000000
00000000111100000000111110000000
00000000011111100111111000000000
00000000000011111111100000000000
00000000000000000000000000000000
00000000000000000000000000000000
00000000000000000000000000000000
