00000000000000000000011111000000
00000000000000001111111111111000
00000000000001111110000000111100
00000000001111100000000000011110
00000000111110000000000000001111
00000011111000000000000000001111
00001111100000000000000000001111
00011110000000000000000000011110
00111100000000000000000000011110
01111000000000000000000000111000
01111000000000000000000001110000
01111000000000000000000011100000
00111110000000000001111111000000
00001111111111111111111111000000
00000000111111000000001111000000
00000000000000000000001110000000
00000000000000000000111110000000
00000000000000000000111100000000
00000000000000000001111000000000
00000000000000000011110000000000
00000000000000000111100000000000
00000000000000000111000000000000
00000000000000001110000000000000
00000000000000111110000000000000
00000000000001111100000000000000
00000000000001111000000000000000
00000000000111100000000000000000
00000000001111000000000000000000
00000000011110000000000000000000
00000001111100000000000000000000
00000011111100000000000000000000
00000001110000000000000000000000

